1,0.776213340973,-1.66236516913
0,-0.675490459611,1.60055288015
0,0.422191079169,0.746431581853
1,0.965340720034,-1.29411427111
1,-0.598417613473,0.452122638197
0,0.580538889754,-0.274358676532
1,1.71164792061,0.146781155672
1,1.73513854976,0.415359711967
0,0.480145335557,0.320171981458
0,-0.969840777507,1.23799174424
0,0.0761935626039,1.06526737172
1,0.814126024478,-1.33657945181
0,-0.619615695521,1.46755736946
0,-0.755230516255,1.58659983934
0,-0.335506524336,1.67190119321
0,-1.16169210839,1.31936654668
1,-0.598896236535,0.0977383800053
1,1.30289539012,-1.07557976503
1,0.510862618146,-1.50571578249
0,0.527299355994,-0.411692935164
1,-0.011203360835,-1.28605545531
0,-1.14853287261,1.27176782809
1,0.106282480512,-1.26504704095
1,0.471916665274,-1.61798795216
1,0.789307910101,-1.43431916959
0,-1.72749034852,0.0263508971424
1,0.935512989206,-1.33733135949
0,-1.62868212317,-0.622789750089
1,-0.496827914541,-0.46971149745
0,-1.28061338122,1.02660050856
0,0.36261997131,0.527762604384
0,-0.0288682103891,1.05533559079
1,0.992430333661,-1.33520093619
0,0.28698775245,0.542550450487
0,0.491299340142,0.436359431699
0,-1.66296466388,-0.190258387547
0,-1.73930195531,0.122935715763
1,1.50586146864,-0.428087916578
1,1.79299226262,0.231311617205
1,-0.304812908996,-0.844711909856
1,1.28792923766,-0.963972802326
1,-0.105931077036,-1.25354881945
0,-1.57424295559,0.374466801702
1,1.1001182205,-1.16320450944
0,0.410050208029,0.0930644342307
0,-1.45005468146,0.888812492564
1,-0.16858214104,-0.943352933564
1,1.53148911325,-0.324714009505
0,0.496311465634,0.407128431656
0,-0.158946610054,1.3142933933
0,0.56257235369,-0.239483324228
1,1.35704363023,-1.05553210525
0,-1.81560110696,-0.501434693772
1,-0.227247785591,-1.14682398979
0,-0.253641790658,1.63422008569
1,0.769500140339,-1.4384009708
0,-1.48514241254,0.379979926135
0,0.598821268625,0.218650860611
0,-1.61808125366,0.129496237126
1,0.37049836774,-1.42076997908
0,-1.54136365122,0.575152655534
0,-1.17541750144,1.15925977647
0,-1.31898904,0.893281383349
0,-1.43057037306,0.827448961339
0,-1.67847175114,-0.295187063553
1,-0.311316396547,-1.15478553735
1,0.491734520229,-1.27889731871
1,-0.330741369862,-0.499299384436
1,1.15735926791,-1.29098600158
1,0.355392556904,-1.48091766415
1,-0.580979570215,0.128894362159
0,-1.61715249986,0.396961840037
1,0.425652771746,-1.39248356402
1,0.187158770788,-1.47272811601
1,0.904356408821,-1.59169411403
1,1.6318123429,0.00171937012351
1,0.505272184316,-1.54152900483
1,1.61653628072,-0.213735250355
1,1.20193952222,-1.04758908111
1,0.390770043736,-1.34575984062
0,-0.173693648164,1.35673653651
0,0.143677172723,0.99530591962
1,-0.0480609013296,-0.961296848674
1,-0.0165793810918,-1.15887296203
0,0.346616475253,0.822599691819
1,0.809408358675,-1.53988319271
0,-0.575843240053,1.57405712387
1,0.145193741833,-1.27138840819
1,-0.154426881956,-1.21083900108
0,0.474487018915,-0.161182704426
0,0.55835496205,-0.358125880366
1,1.71412302347,-0.323337870619
0,0.558875923265,-0.301121871713
0,-0.202753603878,1.37696715202
1,0.297705943103,-1.48907669859
0,-0.762817365365,1.43355171053
0,0.134526143058,1.12807053037
0,-0.405369290954,1.49893272961
1,-0.494036819773,0.0386105982685
0,-1.58837475367,0.855002551593
0,-0.509675631678,1.52534188389
0,0.481851174713,0.237280169638
0,-0.818972251233,1.4500506735
1,0.0634685838232,-1.36680009288
0,-0.0732665686538,1.1898915183
1,1.16611038606,-1.35960836621
0,-0.504978313061,1.44858758986
0,-0.339963736028,1.68850121243
0,0.541364664986,-0.0190474754545
1,1.59989595107,-0.131353455946
0,0.529606561279,-0.0882223760717
0,0.520598785097,-0.328951955598
1,-0.551635263514,-0.203933854999
0,0.393566968933,0.716473731384
0,-1.40990440192,0.923521541108
0,-0.61891116293,1.53364295925
1,-0.586320927719,-0.0116036061117
0,-1.67495682058,-0.257470055929
1,-0.540244246686,-0.0906509910877
0,-0.780083850002,1.42467295167
0,-1.40629848609,0.900158232195
0,0.400255286201,0.417126869816
0,-1.15833900963,1.26980082769
0,-1.44163513483,0.819200462706
0,0.25431687922,0.967212392716
1,-0.446884014808,-0.360482027217
0,-0.463207833818,1.35029602954
0,-0.0854538660698,1.35798590788
0,0.319868860557,0.657791229986
0,-0.280821536946,1.47107261533
1,1.26566733136,-1.18648975183
1,-0.164132804542,-1.0866738957
0,-0.939208911929,1.33086150233
1,-0.593388383876,-0.22823340201
0,-1.60586445337,0.616840477249
1,-0.271992211897,-1.03745934511
0,0.0124674877578,1.20389702025
0,0.0717642445154,0.745391135155
1,0.914760201605,-1.41946345209
1,0.744050794016,-1.45918357275
1,-0.319169891148,-0.604757274878
0,0.0749538793422,0.911498044318
0,-0.0282830200011,1.11499366774
1,1.65942366643,-0.326898836636
1,-0.401204959879,-0.345020202163
1,-0.511315852479,-0.604233142527
1,0.248647682394,-1.46466587013
0,-1.20207980971,0.975521843324
1,-0.18589254837,-0.903691291684
1,0.254894244053,-1.53226646479
0,-0.0738758047479,1.45878901177
1,1.39807938917,-0.908723155449
0,0.240822518096,0.888918880598
1,1.73007963549,0.157339840743
0,-1.71619093624,-0.0911479455762
1,0.472468793197,-1.31525986838
1,0.885851028199,-1.45806752481
1,1.72849104018,0.00529318429795
1,-0.52077699941,-0.278995480707
0,-1.15514498954,1.17891067094
0,-1.68145454342,0.433860912093
1,1.74200610727,0.317581143449
0,-1.63490330735,0.54674029786
1,-0.456188584565,-0.191790022071
0,-1.66872047401,0.286223569163
1,1.57983435158,-0.825333815397
0,-1.35812026414,0.920142932978
1,1.59332044559,0.351557582233
1,1.70932048979,-0.156911180549
1,1.36166728031,-0.891751594163
0,0.519146883759,0.171968485112
1,1.58613772078,-0.483347718227
0,-1.70265890782,-0.170086926383
1,0.187322734815,-1.26740382593
1,0.258142962353,-1.45574782943
1,-0.534287917789,0.24643756825
0,-1.71178644655,0.0129692195602
1,1.54640739729,-0.661550047516
0,0.189887904893,0.908496850035
1,-0.395874940029,-0.352372938907
1,-0.337935300848,-0.638588488469
0,0.646068318112,-0.293576539569
1,1.30198342714,-1.27270950756
1,-0.610687962541,0.42853952635
1,0.830716210949,-1.61757503142
1,0.829023714365,-1.6271175341
1,0.181998042028,-1.37977379892
1,-0.159694465026,-1.10319996385
0,0.589361676128,0.0988247817758
0,-0.932157006212,1.39425037115
0,-0.347874273874,1.37133032792
1,1.64806920032,0.366289473728
1,1.31414338862,-1.13968291367
0,-0.473979179325,1.53508064
0,-1.09298661219,1.25161892199
1,0.271337334945,-1.35631983828
0,0.450701710058,0.16476132583
1,0.0168228059782,-1.36394611766
0,0.345744588075,0.843888772405
0,-0.0780882966316,1.35180113903
1,1.41724327327,-1.03860560568
1,0.576425794676,-1.50212189021
0,-1.65477786169,0.251919102468
0,-1.63251310061,0.281451516856
0,-1.84625300257,-0.513015167829
1,1.61719609564,0.0962298645539
0,0.228844173905,0.885804497987
0,-1.03602900872,1.41916288487
0,-1.08176275305,1.31872304406
0,-1.48614194208,0.538791186374
0,-1.71616463045,-0.443406875548
0,-0.783319670831,1.67576058713
0,-0.623994467391,1.71314346257
0,-1.3995504041,0.717793499282
1,-0.1175470543,-0.981269319765
1,0.311523305384,-1.48502874364
0,-0.891759213486,1.28540389872
0,-1.29735897822,0.885301946357
0,-1.62149298306,0.32207676197
0,0.501704398257,0.468491518991
1,-0.450860981033,-0.688732422394
0,-0.197753245657,1.15467500047
0,0.443565059968,-0.110753128068
1,0.252543257653,-1.3173828593
1,-0.590528138248,0.575179494926
1,0.810260105178,-1.33003000501
0,-1.15332807522,1.32299323487
0,-0.985428503312,1.35495988672
0,-0.815640240164,1.48434237106
1,-0.0529505374193,-1.26903535599
1,1.66913432436,-0.704212624013
0,0.589479092769,0.246733322848
0,0.69748063988,-0.239868011296
1,1.41808817571,-0.675479528997
1,-0.390752820352,-0.183364688213
1,1.24365055801,-1.14981519827
1,1.6430376854,0.470160886259
0,0.0272716383187,1.10137924093
1,1.58039422175,-0.603430419796
0,-1.11741793044,1.40130673702
1,-0.433208394071,-0.393735212938
1,-0.567352360397,0.333024731438
1,1.45382684802,-0.735971603445
1,1.62847179164,-0.202472341116
1,1.50459313276,-0.849030729317
1,1.68340085133,-0.065126424075
0,0.671820554855,0.110538320648
1,1.35562100798,-1.10840423315
1,0.626379006074,-1.4725699588
1,-0.392566517687,-0.543478855439
0,-1.36982553516,1.05447328628
1,1.27560375274,-0.951252082257
0,-1.0372603755,1.24141635788
1,-0.584232445633,0.156076921723
1,0.626162672273,-1.52737076505
0,-0.555302773527,1.35706611949
0,-0.478494373684,1.61056720996
1,0.985814877993,-1.38536526215
1,-0.502459743259,0.074795660704
1,-0.621236607756,0.148041332685
1,-0.0633889095916,-1.22003865315
1,1.3928946277,-0.919203503556
0,0.00475026493148,1.37008662526
1,1.62956803511,-0.362098322058
0,-0.917391336546,1.40995188223
0,-1.54992796141,0.653299663374
0,-1.72718832774,-0.372365120046
0,-0.0971325427663,1.41532943651
0,-1.48069915367,0.699360903873
1,1.60177693258,-0.296991120272
0,0.0759752165883,1.00839347923
1,1.46041966977,-0.859602147867
1,1.61995446998,-0.141572353283
0,-0.815091013582,1.52255317102
1,-0.38288308982,-0.612740702384
0,-1.62736294155,0.177634123441
1,0.0210702438371,-1.32529364644
0,0.427592967506,0.595465997571
1,-0.0491676868542,-1.05140985829
0,0.441451406519,0.751273788044
0,-0.62944358431,1.54113516677
1,-0.256304655008,-0.613405241374
0,-1.70632713141,-0.247184891087
1,-0.654516403707,0.372369405772
1,-0.0186671049708,-1.30917406723
1,1.75038168289,0.454311273429
1,0.973494627895,-1.29195383379
1,-0.496151073119,-0.368222746225
1,1.71055400293,0.522059803552
1,1.41790254071,-0.961837462817
0,-1.55095223593,-0.053474420585
0,-1.22561306422,1.20477503791
1,0.537955706203,-1.50180486029
0,0.589350127173,0.502053163819
0,-0.398350552836,1.51323034074
0,0.0700551795855,1.21814406737
1,1.54913138585,-0.390002333052
0,-1.25738495318,1.1422791307
0,-0.220495781976,1.52288093934
1,1.21619729837,-1.1543738957
